raw_message_id,parse_status,reply_to_message_id,raw_text,warning_text,warnings_summary,primary_intent,intents,action_types,actions_structured_summary,symbol,direction,market_type,confidence,parser_used,parser_mode,status,signal_id,target_scope_kind,target_scope_scope,target_refs,target_refs_count,linking_strategy,new_stop_level,close_scope,close_fraction,hit_target,fill_state,result_mode,cancel_scope,reported_results,reported_profit_percent,reported_leverage_hint,tp_prices,links_count,hashtags_count,validation_warning_count,diagnostics_summary
1745,PARSED,,"[trader#C]
https://t.me/c/3171748254/1054  
В бу перевел",,,U_MOVE_STOP_TO_BE,U_MOVE_STOP_TO_BE | U_MOVE_STOP,U_MOVE_STOP_TO_BE | U_MOVE_STOP,U_MOVE_STOP_TO_BE | U_MOVE_STOP,,,,0.8,,,,1054,signal,single,1054,1,,ENTRY,,,,,,,,,,,0,0,0,
1739,PARSED,,"[trader#C]

https://t.me/c/3171748254/1054
Ушли в б/у",,,U_EXIT_BE,U_EXIT_BE,U_EXIT_BE,U_EXIT_BE,,,,0.8,,,,1054,signal,single,1054,1,,,,,,,,,,,,,0,0,0,
1736,PARSED,,"https://t.me/c/3171748254/1062
Добор убрал, в бу перевел 
[trader#C]",,,U_MOVE_STOP_TO_BE,U_MOVE_STOP_TO_BE | U_MOVE_STOP | U_REMOVE_PENDING_ENTRY,U_MOVE_STOP_TO_BE | U_MOVE_STOP | U_REMOVE_PENDING_ENTRY,U_MOVE_STOP_TO_BE | U_MOVE_STOP | U_REMOVE_PENDING_ENTRY,,,,0.8,,,,1062,signal,single,1062,1,,ENTRY,,,,,,,,,,,0,0,0,
1735,PARSED,,"]https://t.me/c/3171748254/1062
🥳 Tp1
 
[ trader#C]",,,U_TP_HIT,U_TP_HIT,U_TP_HIT,U_TP_HIT,,,,0.8,,,,1062,signal,single,1062,1,,,,,,,,,,,,,0,0,0,
1716,PARSED,,"https://t.me/c/3171748254/1095
Закрываю на точке входа,нет реакции
  
[trader#C]",,,U_CLOSE_FULL,U_CLOSE_FULL,U_CLOSE_FULL,U_CLOSE_FULL,,,,0.8,,,,1095,signal,single,1095,1,,,,,,,,,,,,,0,0,0,
1715,PARSED,,"https://t.me/c/3171748254/1095  
Не актуально 
[trader#C]",,,U_CANCEL_PENDING_ORDERS,U_CANCEL_PENDING_ORDERS,U_CANCEL_PENDING_ORDERS,U_CANCEL_PENDING_ORDERS,,,,0.8,,,,1095,signal,single,1095,1,,,,,,,,,,,,,0,0,0,
1712,PARSED,,"https://t.me/c/3171748254/1094
Первая лимитка сработала
[trader#C]",,,U_ACTIVATION,U_ACTIVATION,U_ACTIVATION,U_ACTIVATION,,,,0.8,,,,1094,signal,single,1094,1,,,,,,,,,,,,,0,0,0,
1709,PARSED,,"https://t.me/c/3171748254/1094
Тейк 1🥳
[ trader#C]",,,U_TP_HIT,U_TP_HIT,U_TP_HIT,U_TP_HIT,,,,0.8,,,,1094,signal,single,1094,1,,,,,,,,,,,,,0,0,0,
1707,PARSED,,"https://t.me/c/3171748254/1094
 В бу перевел 
Доливку убрал 
[trader#C ]",,,U_MOVE_STOP_TO_BE,U_MOVE_STOP_TO_BE | U_MOVE_STOP | U_REMOVE_PENDING_ENTRY,U_MOVE_STOP_TO_BE | U_MOVE_STOP | U_REMOVE_PENDING_ENTRY,U_MOVE_STOP_TO_BE | U_MOVE_STOP | U_REMOVE_PENDING_ENTRY,,,,0.8,,,,1094,signal,single,1094,1,,ENTRY,,,,,,,,,,,0,0,0,
1704,PARSED,,"https://t.me/c/3171748254/1094
Тейк 2🥳
[trader#c]",,,U_TP_HIT,U_TP_HIT,U_TP_HIT,U_TP_HIT,,,,0.8,,,,1094,signal,single,1094,1,,,,,,,,,,,,,0,0,0,
1701,PARSED,,"https://t.me/c/3171748254/1079
 Не актуально 
[trader#C]",,,U_CANCEL_PENDING_ORDERS,U_CANCEL_PENDING_ORDERS,U_CANCEL_PENDING_ORDERS,U_CANCEL_PENDING_ORDERS,,,,0.8,,,,1079,signal,single,1079,1,,,,,,,,,,,,,0,0,0,
1700,PARSED,,"https://t.me/c/3171748254/1078
Не актуально 
[trader#c]",,,U_CANCEL_PENDING_ORDERS,U_CANCEL_PENDING_ORDERS,U_CANCEL_PENDING_ORDERS,U_CANCEL_PENDING_ORDERS,,,,0.8,,,,1078,signal,single,1078,1,,,,,,,,,,,,,0,0,0,
1686,PARSED,,"https://t.me/c/3171748254/1094
90500 Позиция закрыта по тейку. Поздравляю! 🥳

[trader#C ]",,,U_TP_HIT,U_TP_HIT,U_TP_HIT,U_TP_HIT,,,,0.8,,,,1094,signal,single,1094,1,,,,,,,,,,,,,0,0,0,
1677,PARSED,,"https://t.me/c/3171748254/1151
 После первого тп в бу 

[trader#C]",,,U_MOVE_STOP_TO_BE,U_MOVE_STOP_TO_BE | U_MOVE_STOP,U_MOVE_STOP_TO_BE | U_MOVE_STOP,U_MOVE_STOP_TO_BE | U_MOVE_STOP,,,,0.8,,,,1151,signal,single,1151,1,,ENTRY,,,,,,,,,,,0,0,0,
1676,PARSED,,"https://t.me/c/3171748254/1151  
Тп2 🥳
[trader#C]",,,U_TP_HIT,U_TP_HIT,U_TP_HIT,U_TP_HIT,,,,0.8,,,,1151,signal,single,1151,1,,,,,,,,,,,,,0,0,0,
1675,PARSED,1151,"Остаток ушел в бу после 2 тп
 
[trader#C ]",,,U_EXIT_BE,U_EXIT_BE,U_EXIT_BE,U_EXIT_BE,,,,0.8,,,,1151,signal,single,1151,1,,,,,,,,,,,,,0,0,0,
1669,PARSED,,"https://t.me/c/3171748254/1161
 Тп1🥳🥳🥳
Доливку убрал в бу перевел 
[trader#C]",,,U_TP_HIT,U_TP_HIT | U_MOVE_STOP_TO_BE | U_MOVE_STOP | U_REMOVE_PENDING_ENTRY,U_TP_HIT | U_MOVE_STOP_TO_BE | U_MOVE_STOP | U_REMOVE_PENDING_ENTRY,U_TP_HIT | U_MOVE_STOP_TO_BE | U_MOVE_STOP | U_REMOVE_PENDING_ENTRY,,,,0.8,,,,1161,signal,single,1161,1,,ENTRY,,,,,,,,,,,0,0,0,
1666,PARSED,,"https://t.me/c/3171748254/1161
Доливаю сейчас по рынку объем.

Средняя стала - 86950 
Стоп в Б/У
ТП промежуточный тот же:
87650
88200
90600
[trader#C]",,,U_MOVE_STOP_TO_BE,U_MOVE_STOP_TO_BE | U_MOVE_STOP,U_MOVE_STOP_TO_BE | U_MOVE_STOP,U_MOVE_STOP_TO_BE | U_MOVE_STOP,,,,0.8,,,,1161,signal,single,1161,1,,ENTRY,,,,,,,,,,,0,0,0,
1664,PARSED,,"https://t.me/c/3171748254/1161
Позиция закрыта в бу
 [trader#C]",,,U_EXIT_BE,U_EXIT_BE,U_EXIT_BE,U_EXIT_BE,,,,0.8,,,,1161,signal,single,1161,1,,,,,,,,,,,,,0,0,0,
1661,PARSED,,"https://t.me/c/3171748254/1175

🥳🥳🥳🥳
  Тп 1
[trader#C]",,,U_TP_HIT,U_TP_HIT,U_TP_HIT,U_TP_HIT,,,,0.8,,,,1175,signal,single,1175,1,,,,,,,,,,,,,0,0,0,
1660,PARSED,,"https://t.me/c/3171748254/1175
Изменения -
Тп2 88150
 
[trader#C]",,,U_UPDATE_TAKE_PROFITS,U_UPDATE_TAKE_PROFITS,U_UPDATE_TAKE_PROFITS,U_UPDATE_TAKE_PROFITS,,,,0.8,,,,1175,signal,single,1175,1,,,,,,,,,,,,,0,0,0,
1657,PARSED,,"https://t.me/c/3171748254/1122
 Не актуально не дошел до лимитки 😔
[trader#C]",,,U_CANCEL_PENDING_ORDERS,U_CANCEL_PENDING_ORDERS,U_CANCEL_PENDING_ORDERS,U_CANCEL_PENDING_ORDERS,,,,0.8,,,,1122,signal,single,1122,1,,,,,,,,,,,,,0,0,0,
1656,PARSED,,"https://t.me/c/3171748254/1121
Не актуально 
[trader#C]",,,U_CANCEL_PENDING_ORDERS,U_CANCEL_PENDING_ORDERS,U_CANCEL_PENDING_ORDERS,U_CANCEL_PENDING_ORDERS,,,,0.8,,,,1121,signal,single,1121,1,,,,,,,,,,,,,0,0,0,
1653,PARSED,1175,"В бу перевел 
 
[trader#C]",,,U_MOVE_STOP_TO_BE,U_MOVE_STOP_TO_BE | U_MOVE_STOP,U_MOVE_STOP_TO_BE | U_MOVE_STOP,U_MOVE_STOP_TO_BE | U_MOVE_STOP,,,,0.8,,,,1175,signal,single,1175,1,,ENTRY,,,,,,,,,,,0,0,0,
1648,PARSED,,"https://t.me/c/3171748254/1178

Тп 2 RR1-3+ 🥳🥳🥳
[trader#c]",,,U_TP_HIT,U_TP_HIT,U_TP_HIT,U_TP_HIT,,,,0.8,,,,1178,signal,single,1178,1,,,,,,,,,,,,,0,0,0,
1641,PARSED,,"https://t.me/c/3171748254/1175
 
Тп3 🥳🥳🥳 RR 1-4

[trader#C ]",,,U_TP_HIT,U_TP_HIT,U_TP_HIT,U_TP_HIT,,,,0.8,,,,1175,signal,single,1175,1,,,,,,,,,,,,,0,0,0,
1638,PARSED,,"https://t.me/c/3171748254/1214

Стоп -1%
[trader#c]",,,U_STOP_HIT,U_STOP_HIT,U_STOP_HIT,U_STOP_HIT,,,,0.8,,,,1214,signal,single,1214,1,,,,,,,,,,,,,0,0,0,
1637,PARSED,,"https://t.me/c/3171748254/1175
  Остаток в бу ушёл 

[trader#C]",,,U_EXIT_BE,U_EXIT_BE,U_EXIT_BE,U_EXIT_BE,,,,0.8,,,,1175,signal,single,1175,1,,,,,,,,,,,,,0,0,0,
1635,PARSED,,"https://t.me/c/3171748254/1217

Тп1🥳 RR1-1
 
[trader#C]",,,U_TP_HIT,U_TP_HIT,U_TP_HIT,U_TP_HIT,,,,0.8,,,,1217,signal,single,1217,1,,,,,,,,,,,,,0,0,0,
1634,PARSED,,"https://t.me/c/3171748254/1217
 В бу перевел, добор убрал 

[trader#C]",,,U_MOVE_STOP_TO_BE,U_MOVE_STOP_TO_BE | U_MOVE_STOP | U_REMOVE_PENDING_ENTRY,U_MOVE_STOP_TO_BE | U_MOVE_STOP | U_REMOVE_PENDING_ENTRY,U_MOVE_STOP_TO_BE | U_MOVE_STOP | U_REMOVE_PENDING_ENTRY,,,,0.8,,,,1217,signal,single,1217,1,,ENTRY,,,,,,,,,,,0,0,0,
1628,PARSED,1224,"Тп 1  RR1-2 🥳🥳🥳в бу перевел
  
[trader#С]",,,U_TP_HIT,U_TP_HIT | U_MOVE_STOP_TO_BE | U_MOVE_STOP,U_TP_HIT | U_MOVE_STOP_TO_BE | U_MOVE_STOP,U_TP_HIT | U_MOVE_STOP_TO_BE | U_MOVE_STOP,,,,0.8,,,,1224,signal,single,1224,1,,ENTRY,,,,,,,,,,,0,0,0,
1602,PARSED,,"https://t.me/c/3171748254/1237
 Закрыто в бу 

[trader#C]",,,U_EXIT_BE,U_EXIT_BE,U_EXIT_BE,U_EXIT_BE,,,,0.8,,,,1237,signal,single,1237,1,,,,,,,,,,,,,0,0,0,
1601,PARSED,,"https://t.me/c/3171748254/1224

Закрыт остаток в бу
 
[trader#C]",,,U_EXIT_BE,U_EXIT_BE | U_CLOSE_FULL,U_EXIT_BE | U_CLOSE_FULL,U_EXIT_BE | U_CLOSE_FULL,,,,0.8,,,,1224,signal,single,1224,1,,,,,,,,,,,,,0,0,0,
1598,PARSED,1275,"🥳 тп 1 в бу перевел , понаблюдаем 
https://t.me/c/3171748254/1275
 
[trader#C]",,,U_TP_HIT,U_TP_HIT | U_MOVE_STOP_TO_BE | U_MOVE_STOP,U_TP_HIT | U_MOVE_STOP_TO_BE | U_MOVE_STOP,U_TP_HIT | U_MOVE_STOP_TO_BE | U_MOVE_STOP,,,,0.8,,,,1275,signal,single,1275,1,,ENTRY,,,,,,,,,,,0,0,0,
1596,PARSED,,"https://t.me/c/3171748254/1275
 
Тп2🥳 
 [trader#C]",,,U_TP_HIT,U_TP_HIT,U_TP_HIT,U_TP_HIT,,,,0.8,,,,1275,signal,single,1275,1,,,,,,,,,,,,,0,0,0,
1595,PARSED,,"https://t.me/c/3171748254/1275

Тп 3🥳🥳🥳

Остаток объема везём дальше 
87000
86444
 [trader#C]",,,U_TP_HIT,U_TP_HIT | U_UPDATE_TAKE_PROFITS,U_TP_HIT | U_UPDATE_TAKE_PROFITS,U_TP_HIT | U_UPDATE_TAKE_PROFITS,,,,0.8,,,,1275,signal,single,1275,1,,,,,,,,,,,,,0,0,0,
1592,PARSED,,"https://t.me/c/3171748254/1275
  
Тп 4 🥳🥳🥳 RR1-7
 
[trader#C]",,,U_TP_HIT,U_TP_HIT,U_TP_HIT,U_TP_HIT,,,,0.8,,,,1275,signal,single,1275,1,,,,,,,,,,,,,0,0,0,
1590,PARSED,,"[trader #С]

Btcusdt SHORT 

Доливаю часть шорта:87800-900
Чтобы средняя оказалась в 88500 стоп в бу ,это чуть больше того что в позе для тех кто не закрыл остаток на 87000!!!Кто закрыл нечего делать не нужно 
Тп1.  87222
Тп2.  86666
Тп3.  85888",trader_c_update_weak_target_only,trader_c_update_weak_target_only,U_TP_HIT,U_TP_HIT | U_MOVE_STOP_TO_BE | U_MOVE_STOP,U_TP_HIT | U_MOVE_STOP_TO_BE | U_MOVE_STOP,U_TP_HIT | U_MOVE_STOP_TO_BE | U_MOVE_STOP,BTCUSDT,,,0.6,,,,,signal,unknown,,0,,ENTRY,,,,,,,,,,,0,0,0,
1588,PARSED,,"https://t.me/c/3171748254/1288
 
🥳 Тп1

[trader#C]",,,U_TP_HIT,U_TP_HIT,U_TP_HIT,U_TP_HIT,,,,0.8,,,,1288,signal,single,1288,1,,,,,,,,,,,,,0,0,0,
1587,PARSED,1288,"Закрываю по рынку 87450 остаток,не нравится реакция 

[trader#C]",,,U_CLOSE_FULL,U_CLOSE_FULL,U_CLOSE_FULL,U_CLOSE_FULL,,,,0.8,,,,1288,signal,single,1288,1,,,,,,,,,,,,,0,0,0,
1586,PARSED,1287,"Тп 1 🥳

[trader#C]",,,U_TP_HIT,U_TP_HIT,U_TP_HIT,U_TP_HIT,,,,0.8,,,,1287,signal,single,1287,1,,,,,,,,,,,,,0,0,0,
1582,PARSED,1287,"Закрыт остаток в бу

[trader #C]",,,U_EXIT_BE,U_EXIT_BE | U_CLOSE_FULL,U_EXIT_BE | U_CLOSE_FULL,U_EXIT_BE | U_CLOSE_FULL,,,,0.8,,,,1287,signal,single,1287,1,,,,,,,,,,,,,0,0,0,
1570,PARSED,1327,"На байбит стоп 89950!!!!!!
 [trader #C]",,,U_UPDATE_STOP,U_UPDATE_STOP,U_UPDATE_STOP,U_UPDATE_STOP,,,,0.8,,,,1327,signal,single,1327,1,,89950.0,,,,,,,,,,,0,0,0,
1567,PARSED,1327,"Тп1🥳
 [trader#C]",,,U_TP_HIT,U_TP_HIT,U_TP_HIT,U_TP_HIT,,,,0.8,,,,1327,signal,single,1327,1,,,,,,,,,,,,,0,0,0,
1566,PARSED,,"https://t.me/c/3171748254/1327
 Тп2🥳

[trader#C]",,,U_TP_HIT,U_TP_HIT,U_TP_HIT,U_TP_HIT,,,,0.8,,,,1327,signal,single,1327,1,,,,,,,,,,,,,0,0,0,
1565,PARSED,1327,"[trader#C]
В бу перевел 89650",,,U_MOVE_STOP_TO_BE,U_MOVE_STOP_TO_BE | U_MOVE_STOP,U_MOVE_STOP_TO_BE | U_MOVE_STOP,U_MOVE_STOP_TO_BE | U_MOVE_STOP,,,,0.8,,,,1327,signal,single,1327,1,,ENTRY,,,,,,,,,,,0,0,0,
1564,PARSED,1335,"[trader#C]
  Остаток ушел в бу.",,,U_EXIT_BE,U_EXIT_BE,U_EXIT_BE,U_EXIT_BE,,,,0.8,,,,1335,signal,single,1335,1,,,,,,,,,,,,,0,0,0,
1558,PARSED,,"https://t.me/c/3171748254/1340

Тп1🥳
[trader #C]",,,U_TP_HIT,U_TP_HIT,U_TP_HIT,U_TP_HIT,,,,0.8,,,,1340,signal,single,1340,1,,,,,,,,,,,,,0,0,0,
1556,PARSED,,"https://t.me/c/3171748254/1340
  В бу перевел,90500
  
[trader #C]",,,U_MOVE_STOP_TO_BE,U_MOVE_STOP_TO_BE | U_MOVE_STOP,U_MOVE_STOP_TO_BE | U_MOVE_STOP,U_MOVE_STOP_TO_BE | U_MOVE_STOP,,,,0.8,,,,1340,signal,single,1340,1,,ENTRY,,,,,,,,,,,0,0,0,
1552,PARSED,,"https://t.me/c/3171748254/1340

Тп 2🥳

[trader #C]",,,U_TP_HIT,U_TP_HIT,U_TP_HIT,U_TP_HIT,,,,0.8,,,,1340,signal,single,1340,1,,,,,,,,,,,,,0,0,0,
1545,PARSED,1340,"Закрываю по рынку остаток 
90200-100
[trader#C]",,,U_CLOSE_FULL,U_CLOSE_FULL,U_CLOSE_FULL,U_CLOSE_FULL,,,,0.8,,,,1340,signal,single,1340,1,,,,,,,,,,,,,0,0,0,
1534,PARSED,,"https://t.me/c/3171748254/1374

Tp1🥳

[trader#C]",,,U_TP_HIT,U_TP_HIT,U_TP_HIT,U_TP_HIT,,,,0.8,,,,1374,signal,single,1374,1,,,,,,,,,,,,,0,0,0,
1533,PARSED,,"https://t.me/c/3171748254/1374
 
Стоп в 91600, рискуем профитом с тп1

[trader #C]",,,U_UPDATE_STOP,U_UPDATE_STOP,U_UPDATE_STOP,U_UPDATE_STOP,,,,0.8,,,,1374,signal,single,1374,1,,,,,,,,,,,,,0,0,0,
1528,PARSED,,"https://t.me/c/3171748254/1381
 Сэтап закрыт в 0

[trader #C]",,,U_CLOSE_FULL,U_CLOSE_FULL,U_CLOSE_FULL,U_CLOSE_FULL,,,,0.8,,,,1381,signal,single,1381,1,,,,,,,,,,,,,0,0,0,
1519,PARSED,,"[trader#C]
В бу перевел 92900
https://t.me/c/3171748254/1390",,,U_MOVE_STOP_TO_BE,U_MOVE_STOP_TO_BE | U_MOVE_STOP,U_MOVE_STOP_TO_BE | U_MOVE_STOP,U_MOVE_STOP_TO_BE | U_MOVE_STOP,,,,0.8,,,,1390,signal,single,1390,1,,ENTRY,,,,,,,,,,,0,0,0,
1518,PARSED,1404,"Остаток ушел в бу
 [trader#C]",,,U_EXIT_BE,U_EXIT_BE,U_EXIT_BE,U_EXIT_BE,,,,0.8,,,,1404,signal,single,1404,1,,,,,,,,,,,,,0,0,0,
1512,PARSED,,"[trader#C]

https://t.me/c/3171748254/1409
 До тп 0,1 пипс не дошли 
 Закрываю по рынку 93700",,,U_TP_HIT,U_TP_HIT | U_CLOSE_FULL,U_TP_HIT | U_CLOSE_FULL,U_TP_HIT | U_CLOSE_FULL,,,,0.8,,,,1409,signal,single,1409,1,,,,,,,,,,,,,0,0,0,
1506,PARSED,,"https://t.me/c/3171748254/1416
 
Стоп -1% 

[trader #C]",,,U_STOP_HIT,U_STOP_HIT,U_STOP_HIT,U_STOP_HIT,,,,0.8,,,,1416,signal,single,1416,1,,,,,,,,,,,,,0,0,0,
1500,PARSED,,"https://t.me/c/3171748254/1427

Стоп -1%

[trader#C]",,,U_STOP_HIT,U_STOP_HIT,U_STOP_HIT,U_STOP_HIT,,,,0.8,,,,1427,signal,single,1427,1,,,,,,,,,,,,,0,0,0,
1495,PARSED,1436,"Стоп в бу на точку входа 92200

[trader#C]",,,U_MOVE_STOP_TO_BE,U_MOVE_STOP_TO_BE | U_MOVE_STOP,U_MOVE_STOP_TO_BE | U_MOVE_STOP,U_MOVE_STOP_TO_BE | U_MOVE_STOP,,,,0.8,,,,1436,signal,single,1436,1,,ENTRY,,,,,,,,,,,0,0,0,
1493,PARSED,,"https://t.me/c/3171748254/1436

Закрыто в бу 

[trader #C]",,,U_EXIT_BE,U_EXIT_BE,U_EXIT_BE,U_EXIT_BE,,,,0.8,,,,1436,signal,single,1436,1,,,,,,,,,,,,,0,0,0,
1491,PARSED,,"https://t.me/c/3171748254/1441
Теперь закрыто до тп не дошли 30 пунктов (.
[trader #C]",,,U_CLOSE_FULL,U_CLOSE_FULL,U_CLOSE_FULL,U_CLOSE_FULL,,,,0.8,,,,1441,signal,single,1441,1,,,,,,,,,,,,,0,0,0,
1484,PARSED,1449,"Стоп -1%

[trader #C]",,,U_STOP_HIT,U_STOP_HIT,U_STOP_HIT,U_STOP_HIT,,,,0.8,,,,1449,signal,single,1449,1,,,,,,,,,,,,,0,0,0,
1483,PARSED,,"https://t.me/c/3171748254/1446

Tp1🥳

[trader#C]",,,U_TP_HIT,U_TP_HIT,U_TP_HIT,U_TP_HIT,,,,0.8,,,,1446,signal,single,1446,1,,,,,,,,,,,,,0,0,0,
1482,PARSED,1446,"https://t.me/c/3171748254/1446
Тп 2 ,в бу перевел 3136

[tradet#C]",,,U_TP_HIT,U_TP_HIT | U_MOVE_STOP_TO_BE | U_MOVE_STOP,U_TP_HIT | U_MOVE_STOP_TO_BE | U_MOVE_STOP,U_TP_HIT | U_MOVE_STOP_TO_BE | U_MOVE_STOP,,,,0.8,,,,1446,signal,single,1446,1,,ENTRY,,,,,,,,,,,0,0,0,
1481,PARSED,,"https://t.me/c/3171748254/1449
   
Перезашел стоп 90550, изменённо !!! тп тоже

[trader#C]",,,U_UPDATE_TAKE_PROFITS,U_UPDATE_TAKE_PROFITS | U_UPDATE_STOP | U_REENTER,U_UPDATE_TAKE_PROFITS | U_UPDATE_STOP | U_REENTER,U_UPDATE_TAKE_PROFITS | U_UPDATE_STOP | U_REENTER,,,,0.8,,,,1449,signal,single,1449,1,,90550.0,,,,,,,,,,,0,0,0,
1479,PARSED,,"https://t.me/c/3171748254/1446
 После тп 2 +0,6 в бу ушли

[trader#C]",,,U_TP_HIT,U_TP_HIT | U_MOVE_STOP_TO_BE | U_MOVE_STOP,U_TP_HIT | U_MOVE_STOP_TO_BE | U_MOVE_STOP,U_TP_HIT | U_MOVE_STOP_TO_BE | U_MOVE_STOP,,,,0.8,,,,1446,signal,single,1446,1,,ENTRY,,,,,,,,,,,0,0,0,
1478,PARSED,,"https://t.me/c/3171748254/1456
 Стоп -1% 
 [trader#C]",,,U_STOP_HIT,U_STOP_HIT,U_STOP_HIT,U_STOP_HIT,,,,0.8,,,,1456,signal,single,1456,1,,,,,,,,,,,,,0,0,0,
1472,PARSED,1467,"Тп1🥳

[trader#C]",,,U_TP_HIT,U_TP_HIT,U_TP_HIT,U_TP_HIT,,,,0.8,,,,1467,signal,single,1467,1,,,,,,,,,,,,,0,0,0,
1471,PARSED,,"https://t.me/c/3171748254/1467
  Тп 2🥳
 В бу перевел 89800

[trader#C]",,,U_TP_HIT,U_TP_HIT | U_MOVE_STOP_TO_BE | U_MOVE_STOP,U_TP_HIT | U_MOVE_STOP_TO_BE | U_MOVE_STOP,U_TP_HIT | U_MOVE_STOP_TO_BE | U_MOVE_STOP,,,,0.8,,,,1467,signal,single,1467,1,,ENTRY,,,,,,,,,,,0,0,0,
1470,PARSED,,"https://t.me/c/3171748254/1467

Тп3🥳 
[trader#C]",,,U_TP_HIT,U_TP_HIT,U_TP_HIT,U_TP_HIT,,,,0.8,,,,1467,signal,single,1467,1,,,,,,,,,,,,,0,0,0,
1467,PARSED,1467,"Остаток позы на последний ТП увеличиваю в два раза в диапазоне 90750-650 лимиткой, с учётом чтобы позиция осталась после увеличения в бу диапазоне до 90300 . 
ТП дополнительный - 91100

Вход теперь на 90280 в БУ

[trader #C]",,,U_UPDATE_TAKE_PROFITS,U_UPDATE_TAKE_PROFITS,U_UPDATE_TAKE_PROFITS,U_UPDATE_TAKE_PROFITS,,,,0.8,,,,1467,signal,single,1467,1,,,,,,,,,,,,,0,0,0,
1465,PARSED,1478,"Закрыт остаток 

[trader #C]",,,U_CLOSE_FULL,U_CLOSE_FULL,U_CLOSE_FULL,U_CLOSE_FULL,,,,0.8,,,,1478,signal,single,1478,1,,,,,,,,,,,,,0,0,0,
1436,PARSED,,"https://t.me/c/3171748254/1505

Скинул часть по текущим 0,0765 (30%)
В бу перевел,доливку убрал 

[trader #C]",,,U_MOVE_STOP_TO_BE,U_MOVE_STOP_TO_BE | U_MOVE_STOP | U_CLOSE_PARTIAL | U_REMOVE_PENDING_ENTRY,U_MOVE_STOP_TO_BE | U_MOVE_STOP | U_CLOSE_PARTIAL | U_REMOVE_PENDING_ENTRY,U_MOVE_STOP_TO_BE | U_MOVE_STOP | U_CLOSE_PARTIAL | U_REMOVE_PENDING_ENTRY,,,,0.8,,,,1505,signal,single,1505,1,,ENTRY,,,,,,,,,,,0,0,0,
1433,PARSED,,"https://t.me/c/3171748254/1526

Тп 1🥳
 
[trader#C]",,,U_TP_HIT,U_TP_HIT,U_TP_HIT,U_TP_HIT,,,,0.8,,,,1526,signal,single,1526,1,,,,,,,,,,,,,0,0,0,
1432,PARSED,,"https://t.me/c/3171748254/1526

Тп 2 🥳в бу перевел 

[trader#C]",,,U_TP_HIT,U_TP_HIT | U_MOVE_STOP_TO_BE | U_MOVE_STOP,U_TP_HIT | U_MOVE_STOP_TO_BE | U_MOVE_STOP,U_TP_HIT | U_MOVE_STOP_TO_BE | U_MOVE_STOP,,,,0.8,,,,1526,signal,single,1526,1,,ENTRY,,,,,,,,,,,0,0,0,
1431,PARSED,,"https://t.me/c/3171748254/1525

Остаток ушел в бу


[trader #C]",,,U_EXIT_BE,U_EXIT_BE,U_EXIT_BE,U_EXIT_BE,,,,0.8,,,,1525,signal,single,1525,1,,,,,,,,,,,,,0,0,0,
1422,PARSED,1540,"Доливаю по 90900 лимит объем то что остался цель 90200,89200
Стоп в бу на 91500",,,U_MOVE_STOP_TO_BE,U_MOVE_STOP_TO_BE | U_MOVE_STOP,U_MOVE_STOP_TO_BE | U_MOVE_STOP,U_MOVE_STOP_TO_BE | U_MOVE_STOP,,,,0.8,,,,1540,signal,single,1540,1,,ENTRY,,,,,,,,,,,0,0,0,
1418,PARSED,,"https://t.me/c/3171748254/1542
 Закрыто в бу 

[trader #C]",,,U_EXIT_BE,U_EXIT_BE,U_EXIT_BE,U_EXIT_BE,,,,0.8,,,,1542,signal,single,1542,1,,,,,,,,,,,,,0,0,0,
1398,PARSED,1575,"Стоп -0,5 
 
[trader#C]",,,U_STOP_HIT,U_STOP_HIT,U_STOP_HIT,U_STOP_HIT,,,,0.8,,,,1575,signal,single,1575,1,,,,,,,,,,,,,0,0,0,
1396,PARSED,1504,"Не актуально 

[trader #C]",,,U_CANCEL_PENDING_ORDERS,U_CANCEL_PENDING_ORDERS,U_CANCEL_PENDING_ORDERS,U_CANCEL_PENDING_ORDERS,,,,0.8,,,,1504,signal,single,1504,1,,,,,,,,,,,,,0,0,0,
1393,PARSED,1580,"Не актуально пока писал улители)

[trader #C]",,,U_CANCEL_PENDING_ORDERS,U_CANCEL_PENDING_ORDERS,U_CANCEL_PENDING_ORDERS,U_CANCEL_PENDING_ORDERS,,,,0.8,,,,1580,signal,single,1580,1,,,,,,,,,,,,,0,0,0,
1366,PARSED,,"https://t.me/c/3171748254/1596

[trader#C]    tp1🥳

  В бу перевел,доливку убрал.",,,U_TP_HIT,U_TP_HIT | U_MOVE_STOP_TO_BE | U_MOVE_STOP | U_REMOVE_PENDING_ENTRY,U_TP_HIT | U_MOVE_STOP_TO_BE | U_MOVE_STOP | U_REMOVE_PENDING_ENTRY,U_TP_HIT | U_MOVE_STOP_TO_BE | U_MOVE_STOP | U_REMOVE_PENDING_ENTRY,,,,0.8,,,,1596,signal,single,1596,1,,ENTRY,,,,,,,,,,,0,0,0,
1350,PARSED,,"https://t.me/c/3171748254/1596

Тп2🥳


[trader#C]",,,U_TP_HIT,U_TP_HIT,U_TP_HIT,U_TP_HIT,,,,0.8,,,,1596,signal,single,1596,1,,,,,,,,,,,,,0,0,0,
1342,PARSED,1640,"Не актуально пошли без нас

[trader#C]",,,U_CANCEL_PENDING_ORDERS,U_CANCEL_PENDING_ORDERS,U_CANCEL_PENDING_ORDERS,U_CANCEL_PENDING_ORDERS,,,,0.8,,,,1640,signal,single,1640,1,,,,,,,,,,,,,0,0,0,
1337,PARSED,,"https://t.me/c/3171748254/1596

Остаток в бу ушёл 

[trader#C]",,,U_EXIT_BE,U_EXIT_BE,U_EXIT_BE,U_EXIT_BE,,,,0.8,,,,1596,signal,single,1596,1,,,,,,,,,,,,,0,0,0,
1311,PARSED,,"https://t.me/c/3171748254/1674

Закрываю по текущим 
-0,05
Доливку убрал 


[trader#C]",,,U_REMOVE_PENDING_ENTRY,U_REMOVE_PENDING_ENTRY,U_REMOVE_PENDING_ENTRY,U_REMOVE_PENDING_ENTRY,,,,0.8,,,,1674,signal,single,1674,1,,,,,,,,,,,,,0,0,0,
1306,PARSED,,"https://t.me/c/3171748254/1683
 В бу перевел 95350 
[trader#C]",,,U_MOVE_STOP_TO_BE,U_MOVE_STOP_TO_BE | U_MOVE_STOP,U_MOVE_STOP_TO_BE | U_MOVE_STOP,U_MOVE_STOP_TO_BE | U_MOVE_STOP,,,,0.8,,,,1683,signal,single,1683,1,,ENTRY,,,,,,,,,,,0,0,0,
1304,PARSED,1683,"Остаток закрыт в бу
[trader#C]",,,U_EXIT_BE,U_EXIT_BE,U_EXIT_BE,U_EXIT_BE,,,,0.8,,,,1683,signal,single,1683,1,,,,,,,,,,,,,0,0,0,
1299,PARSED,1695,"Стоп -0,5
[trader#C]",,,U_STOP_HIT,U_STOP_HIT,U_STOP_HIT,U_STOP_HIT,,,,0.8,,,,1695,signal,single,1695,1,,,,,,,,,,,,,0,0,0,
1296,PARSED,1699,"Стоп -1
[trader #C]",,,U_STOP_HIT,U_STOP_HIT,U_STOP_HIT,U_STOP_HIT,,,,0.8,,,,1699,signal,single,1699,1,,,,,,,,,,,,,0,0,0,
1294,PARSED,1701,"Стоп -1
[trader#C]",,,U_STOP_HIT,U_STOP_HIT,U_STOP_HIT,U_STOP_HIT,,,,0.8,,,,1701,signal,single,1701,1,,,,,,,,,,,,,0,0,0,
1284,PARSED,,"https://t.me/c/3171748254/1709

Тп1🥳

[trader#C]",,,U_TP_HIT,U_TP_HIT,U_TP_HIT,U_TP_HIT,,,,0.8,,,,1709,signal,single,1709,1,,,,,,,,,,,,,0,0,0,
1271,PARSED,,"https://t.me/c/3171748254/1720
 Не актуально 

[trader#C]",,,U_CANCEL_PENDING_ORDERS,U_CANCEL_PENDING_ORDERS,U_CANCEL_PENDING_ORDERS,U_CANCEL_PENDING_ORDERS,,,,0.8,,,,1720,signal,single,1720,1,,,,,,,,,,,,,0,0,0,
1270,PARSED,1709,"[trader#C]
В бу перевел",,,U_MOVE_STOP_TO_BE,U_MOVE_STOP_TO_BE | U_MOVE_STOP,U_MOVE_STOP_TO_BE | U_MOVE_STOP,U_MOVE_STOP_TO_BE | U_MOVE_STOP,,,,0.8,,,,1709,signal,single,1709,1,,ENTRY,,,,,,,,,,,0,0,0,
1263,PARSED,1741,"Остаток ушел в бу 

[trader#C]",,,U_EXIT_BE,U_EXIT_BE,U_EXIT_BE,U_EXIT_BE,,,,0.8,,,,1741,signal,single,1741,1,,,,,,,,,,,,,0,0,0,
1262,PARSED,,"https://t.me/c/3171748254/1690

Стоп -1%

[trader#C]",,,U_STOP_HIT,U_STOP_HIT,U_STOP_HIT,U_STOP_HIT,,,,0.8,,,,1690,signal,single,1690,1,,,,,,,,,,,,,0,0,0,
1256,PARSED,,"https://t.me/c/3171748254/1766

Стоп -1%
[trader#C]",,,U_STOP_HIT,U_STOP_HIT,U_STOP_HIT,U_STOP_HIT,,,,0.8,,,,1766,signal,single,1766,1,,,,,,,,,,,,,0,0,0,
1248,PARSED,1770,"Закрыл по рынку 
91000

[ trader#C ]",,,U_CLOSE_FULL,U_CLOSE_FULL,U_CLOSE_FULL,U_CLOSE_FULL,,,,0.8,,,,1770,signal,single,1770,1,,,,,,,,,,,,,0,0,0,
1239,PARSED,,"https://t.me/c/3171748254/1781

Стоп -1%

[tradet #C]",,,U_STOP_HIT,U_STOP_HIT,U_STOP_HIT,U_STOP_HIT,,,,0.8,,,,1781,signal,single,1781,1,,,,,,,,,,,,,0,0,0,
1231,PARSED,1792,"[trader#C]
В бу перевел",,,U_MOVE_STOP_TO_BE,U_MOVE_STOP_TO_BE | U_MOVE_STOP,U_MOVE_STOP_TO_BE | U_MOVE_STOP,U_MOVE_STOP_TO_BE | U_MOVE_STOP,,,,0.8,,,,1792,signal,single,1792,1,,ENTRY,,,,,,,,,,,0,0,0,
1225,PARSED,1792,"Закрыл по текущим на комиссию 

[trader#C]",,,U_CLOSE_FULL,U_CLOSE_FULL,U_CLOSE_FULL,U_CLOSE_FULL,,,,0.8,,,,1792,signal,single,1792,1,,,,,,,,,,,,,0,0,0,
1217,PARSED,,"https://t.me/c/3171748254/1802

Тп 1 🥳 , впереди Трамп так что в бу 88250

[tradet#C]",,,U_TP_HIT,U_TP_HIT,U_TP_HIT,U_TP_HIT,,,,0.8,,,,1802,signal,single,1802,1,,,,,,,,,,,,,0,0,0,
1216,PARSED,,"https://t.me/c/3171748254/1802
Изменения 89900 тп 2 

[trader#C]",,,U_UPDATE_TAKE_PROFITS,U_UPDATE_TAKE_PROFITS,U_UPDATE_TAKE_PROFITS,U_UPDATE_TAKE_PROFITS,,,,0.8,,,,1802,signal,single,1802,1,,,,,,,,,,,,,0,0,0,
1215,PARSED,1820,"Тп 2🥳

[tradet#C]",,,U_TP_HIT,U_TP_HIT,U_TP_HIT,U_TP_HIT,,,,0.8,,,,1820,signal,single,1820,1,,,,,,,,,,,,,0,0,0,
1213,PARSED,,"https://t.me/c/3171748254/1802

Пробуем долить до объема того что был 
 
Btcusdt Long 
 
Лимитка 89250 

Объем. 0,5 

Средняя сместиться в 88770 стоп в бу 

Тп на 90000 ,и на 93000 добавляем если все получится 

[tradet#C]",,,U_MOVE_STOP_TO_BE,U_MOVE_STOP_TO_BE | U_MOVE_STOP,U_MOVE_STOP_TO_BE | U_MOVE_STOP,U_MOVE_STOP_TO_BE | U_MOVE_STOP,BTCUSDT,,,0.8,,,,1802,signal,single,1802,1,,ENTRY,,,,,,,,,,,0,0,0,
1211,PARSED,1823,"Увы ушли в бу 

[tradet#C]",,,U_EXIT_BE,U_EXIT_BE,U_EXIT_BE,U_EXIT_BE,,,,0.8,,,,1823,signal,single,1823,1,,,,,,,,,,,,,0,0,0,
1210,PARSED,1824,"Стоп -0,5

[trader#C]",,,U_STOP_HIT,U_STOP_HIT,U_STOP_HIT,U_STOP_HIT,,,,0.8,,,,1824,signal,single,1824,1,,,,,,,,,,,,,0,0,0,
1199,PARSED,1836,"Не актуально 

[trader#C]",,,U_CANCEL_PENDING_ORDERS,U_CANCEL_PENDING_ORDERS,U_CANCEL_PENDING_ORDERS,U_CANCEL_PENDING_ORDERS,,,,0.8,,,,1836,signal,single,1836,1,,,,,,,,,,,,,0,0,0,
1198,PARSED,1844,"Стоп -1%

[tradet#c]",,,U_STOP_HIT,U_STOP_HIT,U_STOP_HIT,U_STOP_HIT,,,,0.8,,,,1844,signal,single,1844,1,,,,,,,,,,,,,0,0,0,
1193,PARSED,,"https://t.me/c/3171748254/1847

Стоп переносим на 88650 в -0,5 RR

[trader #C]",,,U_UPDATE_STOP,U_UPDATE_STOP,U_UPDATE_STOP,U_UPDATE_STOP,,,,0.8,,,,1847,signal,single,1847,1,,88650.0,,,,,,,,,,,0,0,0,
1191,PARSED,,"https://t.me/c/3171748254/1847
 
Тп 1🥳. Стоп 88800

[tradet#C]",,,U_TP_HIT,U_TP_HIT | U_UPDATE_STOP,U_TP_HIT | U_UPDATE_STOP,U_TP_HIT | U_UPDATE_STOP,,,,0.8,,,,1847,signal,single,1847,1,,88800.0,,,,,,,,,,,0,0,0,
1185,PARSED,1847,"Остаток закрыт по рынку 
89100

[trader #C]",,,U_CLOSE_FULL,U_CLOSE_FULL,U_CLOSE_FULL,U_CLOSE_FULL,,,,0.8,,,,1847,signal,single,1847,1,,,,,,,,,,,,,0,0,0,
1179,PARSED,,"https://t.me/c/3171748254/1884

Изменения!!!
Тп 1 сейчас 88600 +
Тп 2 89000
Тп 3 89500
Тп 4 по сэтапу 

Стоп 88300

[trader #C]",,,U_UPDATE_TAKE_PROFITS,U_UPDATE_TAKE_PROFITS | U_UPDATE_STOP,U_UPDATE_TAKE_PROFITS | U_UPDATE_STOP,U_UPDATE_TAKE_PROFITS | U_UPDATE_STOP,,,,0.8,,,,1884,signal,single,1884,1,,88300.0,,,,,,,,,,,0,0,0,
1178,PARSED,,"https://t.me/c/3171748254/1884

Остаток ушел в бу

[trader #C]",,,U_EXIT_BE,U_EXIT_BE,U_EXIT_BE,U_EXIT_BE,,,,0.8,,,,1884,signal,single,1884,1,,,,,,,,,,,,,0,0,0,
1173,PARSED,,"https://t.me/c/3171748254/1893
 
Не актуально 

[trader #C]",,,U_CANCEL_PENDING_ORDERS,U_CANCEL_PENDING_ORDERS,U_CANCEL_PENDING_ORDERS,U_CANCEL_PENDING_ORDERS,,,,0.8,,,,1893,signal,single,1893,1,,,,,,,,,,,,,0,0,0,
1170,PARSED,,"https://t.me/c/3171748254/1902

Не актуально 

[trader #C]",,,U_CANCEL_PENDING_ORDERS,U_CANCEL_PENDING_ORDERS,U_CANCEL_PENDING_ORDERS,U_CANCEL_PENDING_ORDERS,,,,0.8,,,,1902,signal,single,1902,1,,,,,,,,,,,,,0,0,0,
1163,PARSED,,"Закрыл 2980 -

https://t.me/c/3171748254/1916

[trader #C]",,,U_CLOSE_FULL,U_CLOSE_FULL,U_CLOSE_FULL,U_CLOSE_FULL,,,,0.8,,,,1916,signal,single,1916,1,,,,,,,,,,,,,0,0,0,
1156,PARSED,,"https://t.me/c/3171748254/1931

Фрс скоро. убрал лимитку

[trader#C]",,,U_CANCEL_PENDING_ORDERS,U_CANCEL_PENDING_ORDERS,U_CANCEL_PENDING_ORDERS,U_CANCEL_PENDING_ORDERS,,,,0.8,,,,1931,signal,single,1931,1,,,,,,,,,,,,,0,0,0,
1145,PARSED,1929,"Стоп -0,5

[trader#C]",,,U_STOP_HIT,U_STOP_HIT,U_STOP_HIT,U_STOP_HIT,,,,0.8,,,,1929,signal,single,1929,1,,,,,,,,,,,,,0,0,0,
1142,PARSED,,"https://t.me/c/3171748254/1953

Стоп -1% на бинанс не забрало (

[tradet#C]",,,U_STOP_HIT,U_STOP_HIT,U_STOP_HIT,U_STOP_HIT,,,,0.8,,,,1953,signal,single,1953,1,,,,,,,,,,,,,0,0,0,
1123,PARSED,,"https://t.me/c/3171748254/1982

В бу перевел 😴

[trader #C]",,,U_MOVE_STOP_TO_BE,U_MOVE_STOP_TO_BE | U_MOVE_STOP,U_MOVE_STOP_TO_BE | U_MOVE_STOP,U_MOVE_STOP_TO_BE | U_MOVE_STOP,,,,0.8,,,,1982,signal,single,1982,1,,ENTRY,,,,,,,,,,,0,0,0,
1118,PARSED,,"https://t.me/c/3171748254/1992

Закрыл не нравится 82500

[trader #C]",,,U_CLOSE_FULL,U_CLOSE_FULL,U_CLOSE_FULL,U_CLOSE_FULL,,,,0.8,,,,1992,signal,single,1992,1,,,,,,,,,,,,,0,0,0,
1077,PARSED,2090,"Тп 1 в бу перевел 🥳
4 пункта до стопа не дошло

[trader #C]",,,U_TP_HIT,U_TP_HIT | U_MOVE_STOP_TO_BE | U_MOVE_STOP,U_TP_HIT | U_MOVE_STOP_TO_BE | U_MOVE_STOP,U_TP_HIT | U_MOVE_STOP_TO_BE | U_MOVE_STOP,,,,0.8,,,,2090,signal,single,2090,1,,ENTRY,,,,,,,,,,,0,0,0,
1076,PARSED,,"https://t.me/c/3171748254/2090

Остаток ушел в бу, RR+0,21

[trader #C]",,,U_EXIT_BE,U_EXIT_BE,U_EXIT_BE,U_EXIT_BE,,,,0.8,,,,2090,signal,single,2090,1,,,,,,,,,,,,,0,0,0,
1074,PARSED,2075,"Не актуально 

[trader #C]",,,U_CANCEL_PENDING_ORDERS,U_CANCEL_PENDING_ORDERS,U_CANCEL_PENDING_ORDERS,U_CANCEL_PENDING_ORDERS,,,,0.8,,,,2075,signal,single,2075,1,,,,,,,,,,,,,0,0,0,
1073,PARSED,,"https://t.me/c/3171748254/2062
Не актуально, шортовый наротив

[trader #C]",,,U_CANCEL_PENDING_ORDERS,U_CANCEL_PENDING_ORDERS,U_CANCEL_PENDING_ORDERS,U_CANCEL_PENDING_ORDERS,,,,0.8,,,,2062,signal,single,2062,1,,,,,,,,,,,,,0,0,0,
1009,PARSED,,"https://t.me/c/3171748254/2182

Стоп -0,5

[trader #C]",,,U_STOP_HIT,U_STOP_HIT,U_STOP_HIT,U_STOP_HIT,,,,0.8,,,,2182,signal,single,2182,1,,,,,,,,,,,,,0,0,0,
991,PARSED,,"https://t.me/c/3171748254/2209

Tp1 🥳

[trader #C]",,,U_TP_HIT,U_TP_HIT,U_TP_HIT,U_TP_HIT,,,,0.8,,,,2209,signal,single,2209,1,,,,,,,,,,,,,0,0,0,
989,PARSED,2209,"В бу перевел 70800

[trader #C]",,,U_MOVE_STOP_TO_BE,U_MOVE_STOP_TO_BE | U_MOVE_STOP,U_MOVE_STOP_TO_BE | U_MOVE_STOP,U_MOVE_STOP_TO_BE | U_MOVE_STOP,,,,0.8,,,,2209,signal,single,2209,1,,ENTRY,,,,,,,,,,,0,0,0,
968,PARSED,,"https://t.me/c/3171748254/2240

В бу перевел 

[trader #C]",,,U_MOVE_STOP_TO_BE,U_MOVE_STOP_TO_BE | U_MOVE_STOP,U_MOVE_STOP_TO_BE | U_MOVE_STOP,U_MOVE_STOP_TO_BE | U_MOVE_STOP,,,,0.8,,,,2240,signal,single,2240,1,,ENTRY,,,,,,,,,,,0,0,0,
967,PARSED,,"https://t.me/c/3171748254/2240

Закрыл часть по  70950 

Тп1 и Тп 2 актуально если придём 

[trader #C]",,,U_CLOSE_PARTIAL,U_CLOSE_PARTIAL | U_UPDATE_TAKE_PROFITS,U_CLOSE_PARTIAL | U_UPDATE_TAKE_PROFITS,U_CLOSE_PARTIAL | U_UPDATE_TAKE_PROFITS,,,,0.8,,,,2240,signal,single,2240,1,,,,,,,,,,,,,0,0,0,
964,PARSED,,"https://t.me/c/3171748254/2247

Тп 1 🥳 остаток в бу ушёл ,+0,3RR

[trader #C]",,,U_TP_HIT,U_TP_HIT | U_EXIT_BE,U_TP_HIT | U_EXIT_BE,U_TP_HIT | U_EXIT_BE,,,,0.8,,,,2247,signal,single,2247,1,,,,,,,,,,,,,0,0,0,
940,PARSED,2283,"Закрыл в бу 68950

[trader #C]",,,U_CLOSE_FULL,U_CLOSE_FULL,U_CLOSE_FULL,U_CLOSE_FULL,,,,0.8,,,,2283,signal,single,2283,1,,,,,,,,,,,,,0,0,0,
939,PARSED,2284,"Закрыл -0,11 RR 
2015

[trader #C]",,,U_CLOSE_FULL,U_CLOSE_FULL,U_CLOSE_FULL,U_CLOSE_FULL,,,,0.8,,,,2284,signal,single,2284,1,,,,,,,,,,,,,0,0,0,
918,PARSED,,"https://t.me/c/3171748254/2303

Не актуально ушли без нас 

[trader #C]",,,U_CANCEL_PENDING_ORDERS,U_CANCEL_PENDING_ORDERS,U_CANCEL_PENDING_ORDERS,U_CANCEL_PENDING_ORDERS,,,,0.8,,,,2303,signal,single,2303,1,,,,,,,,,,,,,0,0,0,
872,PARSED,2258,"Не актуально ушел без нас 

[ trader #C]",,,U_CANCEL_PENDING_ORDERS,U_CANCEL_PENDING_ORDERS,U_CANCEL_PENDING_ORDERS,U_CANCEL_PENDING_ORDERS,,,,0.8,,,,2258,signal,single,2258,1,,,,,,,,,,,,,0,0,0,
858,PARSED,2380,"В бу перевел 68100

[trader #C]",,,U_MOVE_STOP_TO_BE,U_MOVE_STOP_TO_BE | U_MOVE_STOP,U_MOVE_STOP_TO_BE | U_MOVE_STOP,U_MOVE_STOP_TO_BE | U_MOVE_STOP,,,,0.8,,,,2380,signal,single,2380,1,,ENTRY,,,,,,,,,,,0,0,0,
852,PARSED,,"https://t.me/c/3171748254/2387

В бу перевел 65250

[trader #C]",,,U_MOVE_STOP_TO_BE,U_MOVE_STOP_TO_BE | U_MOVE_STOP,U_MOVE_STOP_TO_BE | U_MOVE_STOP,U_MOVE_STOP_TO_BE | U_MOVE_STOP,,,,0.8,,,,2387,signal,single,2387,1,,ENTRY,,,,,,,,,,,0,0,0,
846,PARSED,2399,"Не актуально 

[trader #C]",,,U_CANCEL_PENDING_ORDERS,U_CANCEL_PENDING_ORDERS,U_CANCEL_PENDING_ORDERS,U_CANCEL_PENDING_ORDERS,,,,0.8,,,,2399,signal,single,2399,1,,,,,,,,,,,,,0,0,0,
840,PARSED,2387,"Тп 1🥳

[trader #C]",,,U_TP_HIT,U_TP_HIT,U_TP_HIT,U_TP_HIT,,,,0.8,,,,2387,signal,single,2387,1,,,,,,,,,,,,,0,0,0,
837,PARSED,,"https://t.me/c/3171748254/2387

Лимитку с 63750 убираем 

Ставим на 67600 на тот же объем что в позиции остался(0,375) после тп1 

Средняя станет в 66400+- стоп в бу ,
Тп дополнительный на этот объем будет на 72000
 
Будет дополнения 

[trader #C]",,,U_TP_HIT,U_TP_HIT | U_MOVE_STOP_TO_BE | U_MOVE_STOP | U_REMOVE_PENDING_ENTRY | U_UPDATE_TAKE_PROFITS,U_TP_HIT | U_MOVE_STOP_TO_BE | U_MOVE_STOP | U_REMOVE_PENDING_ENTRY | U_UPDATE_TAKE_PROFITS,U_TP_HIT | U_MOVE_STOP_TO_BE | U_MOVE_STOP | U_REMOVE_PENDING_ENTRY | U_UPDATE_TAKE_PROFITS,,,,0.8,,,,2387,signal,single,2387,1,,ENTRY,,,,,,,,,,,0,0,0,
823,PARSED,,"https://t.me/c/3171748254/2427

Тп 1 

В бу перевел 

[trader #C]",,,U_TP_HIT,U_TP_HIT | U_MOVE_STOP_TO_BE | U_MOVE_STOP,U_TP_HIT | U_MOVE_STOP_TO_BE | U_MOVE_STOP,U_TP_HIT | U_MOVE_STOP_TO_BE | U_MOVE_STOP,,,,0.8,,,,2427,signal,single,2427,1,,ENTRY,,,,,,,,,,,0,0,0,
808,PARSED,2410,"Беру по текущим по 68300
Средняя 66750 стоп в 66800
Цель этого обьема 70000

[trader #C]",,,U_UPDATE_STOP,U_UPDATE_STOP,U_UPDATE_STOP,U_UPDATE_STOP,,,,0.8,,,,2410,signal,single,2410,1,,,,,,,,,,,,,0,0,0,
802,PARSED,2459,"67330 добираю ,средняя 67030
Стоп 67080 в бу

Тп 69500 если придём

[trader #C]",,,U_TP_HIT,U_TP_HIT | U_UPDATE_TAKE_PROFITS | U_UPDATE_STOP,U_TP_HIT | U_UPDATE_TAKE_PROFITS | U_UPDATE_STOP,U_TP_HIT | U_UPDATE_TAKE_PROFITS | U_UPDATE_STOP,,,,0.8,,,,2459,signal,single,2459,1,,67080.0,,,,,,,,,,,0,0,0,
801,PARSED,2464,"Изменения делим объем который добрали 0,375
На тп 
68000-
68750-
69500-
[trader #C]",,,U_UPDATE_TAKE_PROFITS,U_UPDATE_TAKE_PROFITS,U_UPDATE_TAKE_PROFITS,U_UPDATE_TAKE_PROFITS,,,,0.8,,,,2464,signal,single,2464,1,,,,,,,,,,,,,0,0,0,
800,PARSED,2465,"Тп1

[trader #C]",,,U_TP_HIT,U_TP_HIT,U_TP_HIT,U_TP_HIT,,,,0.8,,,,2465,signal,single,2465,1,,,,,,,,,,,,,0,0,0,
797,PARSED,,"https://t.me/c/3171748254/2465

Tp2🥳

[trader #С]",,,U_TP_HIT,U_TP_HIT,U_TP_HIT,U_TP_HIT,,,,0.8,,,,2465,signal,single,2465,1,,,,,,,,,,,,,0,0,0,
772,PARSED,,"https://t.me/c/3171748254/2451
 
Активировалась

[trader #C]",,,U_ACTIVATION,U_ACTIVATION,U_ACTIVATION,U_ACTIVATION,,,,0.8,,,,2451,signal,single,2451,1,,,,,,,,,,,,,0,0,0,
742,PARSED,,"https://t.me/c/3171748254/2490

В бу перевел 

[trader #C]",,,U_MOVE_STOP_TO_BE,U_MOVE_STOP_TO_BE | U_MOVE_STOP,U_MOVE_STOP_TO_BE | U_MOVE_STOP,U_MOVE_STOP_TO_BE | U_MOVE_STOP,,,,0.8,,,,2490,signal,single,2490,1,,ENTRY,,,,,,,,,,,0,0,0,
741,PARSED,,"https://t.me/c/3171748254/2490

Тп 1🥳

[trader #C]",,,U_TP_HIT,U_TP_HIT,U_TP_HIT,U_TP_HIT,,,,0.8,,,,2490,signal,single,2490,1,,,,,,,,,,,,,0,0,0,
734,PARSED,2490,"Остаток ушел в бу 

[trader #C]",,,U_EXIT_BE,U_EXIT_BE,U_EXIT_BE,U_EXIT_BE,,,,0.8,,,,2490,signal,single,2490,1,,,,,,,,,,,,,0,0,0,
728,PARSED,,"https://t.me/c/3171748254/2552

Не актуально 

[trader #C]",,,U_CANCEL_PENDING_ORDERS,U_CANCEL_PENDING_ORDERS,U_CANCEL_PENDING_ORDERS,U_CANCEL_PENDING_ORDERS,,,,0.8,,,,2552,signal,single,2552,1,,,,,,,,,,,,,0,0,0,
712,PARSED,2584,"Сори, не актуально!!!! У нас уже стоит сэтап",,,U_CANCEL_PENDING_ORDERS,U_CANCEL_PENDING_ORDERS,U_CANCEL_PENDING_ORDERS,U_CANCEL_PENDING_ORDERS,,,,0.8,,,,2584,signal,single,2584,1,,,,,,,,,,,,,0,0,0,
699,PARSED,2587,"В бу перевел 

[trader #C]",,,U_MOVE_STOP_TO_BE,U_MOVE_STOP_TO_BE | U_MOVE_STOP,U_MOVE_STOP_TO_BE | U_MOVE_STOP,U_MOVE_STOP_TO_BE | U_MOVE_STOP,,,,0.8,,,,2587,signal,single,2587,1,,ENTRY,,,,,,,,,,,0,0,0,
697,PARSED,2451,"Так же в бу перевел 

[trader #C]",,,U_MOVE_STOP_TO_BE,U_MOVE_STOP_TO_BE | U_MOVE_STOP,U_MOVE_STOP_TO_BE | U_MOVE_STOP,U_MOVE_STOP_TO_BE | U_MOVE_STOP,,,,0.8,,,,2451,signal,single,2451,1,,ENTRY,,,,,,,,,,,0,0,0,
693,PARSED,2587,"Закрыто в бу 

[trader #C]",,,U_EXIT_BE,U_EXIT_BE,U_EXIT_BE,U_EXIT_BE,,,,0.8,,,,2587,signal,single,2587,1,,,,,,,,,,,,,0,0,0,
687,PARSED,,"https://t.me/c/3171748254/2563

Тп 1🥳

[trader #C]",,,U_TP_HIT,U_TP_HIT,U_TP_HIT,U_TP_HIT,,,,0.8,,,,2563,signal,single,2563,1,,,,,,,,,,,,,0,0,0,
681,PARSED,2617,"Не актуально

[trader #C]",,,U_CANCEL_PENDING_ORDERS,U_CANCEL_PENDING_ORDERS,U_CANCEL_PENDING_ORDERS,U_CANCEL_PENDING_ORDERS,,,,0.8,,,,2617,signal,single,2617,1,,,,,,,,,,,,,0,0,0,
680,PARSED,,"https://t.me/c/3171748254/2611

Тп 1 🥳 в бу перевел 

[trader #C]",,,U_TP_HIT,U_TP_HIT | U_MOVE_STOP_TO_BE | U_MOVE_STOP,U_TP_HIT | U_MOVE_STOP_TO_BE | U_MOVE_STOP,U_TP_HIT | U_MOVE_STOP_TO_BE | U_MOVE_STOP,,,,0.8,,,,2611,signal,single,2611,1,,ENTRY,,,,,,,,,,,0,0,0,
674,PARSED,,"https://t.me/c/3171748254/2611

Доливаю обьем такой же по 68000
 
Стоп в бу 67550

Тп 68800


[trader #C]",,,U_TP_HIT,U_TP_HIT | U_MOVE_STOP_TO_BE | U_MOVE_STOP | U_UPDATE_TAKE_PROFITS,U_TP_HIT | U_MOVE_STOP_TO_BE | U_MOVE_STOP | U_UPDATE_TAKE_PROFITS,U_TP_HIT | U_MOVE_STOP_TO_BE | U_MOVE_STOP | U_UPDATE_TAKE_PROFITS,,,,0.8,,,,2611,signal,single,2611,1,,ENTRY,,,,,,,,,,,0,0,0,
671,PARSED,2640,"Остаток ушел в бу

[trader #C]",,,U_EXIT_BE,U_EXIT_BE,U_EXIT_BE,U_EXIT_BE,,,,0.8,,,,2640,signal,single,2640,1,,,,,,,,,,,,,0,0,0,
658,PARSED,2666,"Не актуально 

[trader #C]",,,U_CANCEL_PENDING_ORDERS,U_CANCEL_PENDING_ORDERS,U_CANCEL_PENDING_ORDERS,U_CANCEL_PENDING_ORDERS,,,,0.8,,,,2666,signal,single,2666,1,,,,,,,,,,,,,0,0,0,
635,PARSED,2688,"Не актуально 

[trader #C]",,,U_CANCEL_PENDING_ORDERS,U_CANCEL_PENDING_ORDERS,U_CANCEL_PENDING_ORDERS,U_CANCEL_PENDING_ORDERS,,,,0.8,,,,2688,signal,single,2688,1,,,,,,,,,,,,,0,0,0,
634,PARSED,,"https://t.me/c/3171748254/2687

Не актуально 

[trader #C]",,,U_CANCEL_PENDING_ORDERS,U_CANCEL_PENDING_ORDERS,U_CANCEL_PENDING_ORDERS,U_CANCEL_PENDING_ORDERS,,,,0.8,,,,2687,signal,single,2687,1,,,,,,,,,,,,,0,0,0,
617,PARSED,2717,"Стоп -0,3

[trader #C]",,,U_STOP_HIT,U_STOP_HIT,U_STOP_HIT,U_STOP_HIT,,,,0.8,,,,2717,signal,single,2717,1,,,,,,,,,,,,,0,0,0,
589,PARSED,,"https://t.me/c/3171748254/2747

В бу либо в микро + закрыл по 68950
Слабая реакция 

[trader #C]",,,U_CLOSE_FULL,U_CLOSE_FULL,U_CLOSE_FULL,U_CLOSE_FULL,,,,0.8,,,,2747,signal,single,2747,1,,,,,,,,,,,,,0,0,0,
579,PARSED,,"https://t.me/c/3171748254/2765

Стоп -0,3

[trader #C]",,,U_STOP_HIT,U_STOP_HIT,U_STOP_HIT,U_STOP_HIT,,,,0.8,,,,2765,signal,single,2765,1,,,,,,,,,,,,,0,0,0,
575,PARSED,,"https://t.me/c/3171748254/2769

Стоп -0,3

[trader #C]",,,U_STOP_HIT,U_STOP_HIT,U_STOP_HIT,U_STOP_HIT,,,,0.8,,,,2769,signal,single,2769,1,,,,,,,,,,,,,0,0,0,
570,PARSED,,"https://t.me/c/3171748254/2777

В бу перевел 

[trader #C]",,,U_MOVE_STOP_TO_BE,U_MOVE_STOP_TO_BE | U_MOVE_STOP,U_MOVE_STOP_TO_BE | U_MOVE_STOP,U_MOVE_STOP_TO_BE | U_MOVE_STOP,,,,0.8,,,,2777,signal,single,2777,1,,ENTRY,,,,,,,,,,,0,0,0,
566,PARSED,2760,"https://t.me/c/3171748254/2760

В бу перевел 
0,311

[trader #C]",,,U_MOVE_STOP_TO_BE,U_MOVE_STOP_TO_BE | U_MOVE_STOP,U_MOVE_STOP_TO_BE | U_MOVE_STOP,U_MOVE_STOP_TO_BE | U_MOVE_STOP,,,,0.8,,,,2760,signal,single,2760,1,,ENTRY,,,,,,,,,,,0,0,0,
552,PARSED,2806,"В бу перевел 

[trader #C]",,,U_MOVE_STOP_TO_BE,U_MOVE_STOP_TO_BE | U_MOVE_STOP,U_MOVE_STOP_TO_BE | U_MOVE_STOP,U_MOVE_STOP_TO_BE | U_MOVE_STOP,,,,0.8,,,,2806,signal,single,2806,1,,ENTRY,,,,,,,,,,,0,0,0,
548,PARSED,,"https://t.me/c/3171748254/2806

Снял часть по текущим 1,475 ( 0,1%)

И тп переставил 1,41

[trader #C]",,,U_CLOSE_PARTIAL,U_CLOSE_PARTIAL | U_UPDATE_TAKE_PROFITS,U_CLOSE_PARTIAL | U_UPDATE_TAKE_PROFITS,U_CLOSE_PARTIAL | U_UPDATE_TAKE_PROFITS,,,,0.8,,,,2806,signal,single,2806,1,,,,,,,,,,,,,0,0,0,
542,PARSED,2813,"Остаток ушел в бу 

[trader #C]",,,U_EXIT_BE,U_EXIT_BE,U_EXIT_BE,U_EXIT_BE,,,,0.8,,,,2813,signal,single,2813,1,,,,,,,,,,,,,0,0,0,
531,PARSED,,"[trader #C]

https://t.me/c/3171748254/2831

 В бу перевел,мутят что то",,,U_MOVE_STOP_TO_BE,U_MOVE_STOP_TO_BE | U_MOVE_STOP,U_MOVE_STOP_TO_BE | U_MOVE_STOP,U_MOVE_STOP_TO_BE | U_MOVE_STOP,,,,0.8,,,,2831,signal,single,2831,1,,ENTRY,,,,,,,,,,,0,0,0,
510,PARSED,,"https://t.me/c/3171748254/2848
Тп1🥳
В бу перевел 

[trader #C]",,,U_TP_HIT,U_TP_HIT | U_MOVE_STOP_TO_BE | U_MOVE_STOP,U_TP_HIT | U_MOVE_STOP_TO_BE | U_MOVE_STOP,U_TP_HIT | U_MOVE_STOP_TO_BE | U_MOVE_STOP,,,,0.8,,,,2848,signal,single,2848,1,,ENTRY,,,,,,,,,,,0,0,0,
508,PARSED,2848,"https://t.me/c/3171748254/2848

Тп 2 🥳

[trader #C]",,,U_TP_HIT,U_TP_HIT,U_TP_HIT,U_TP_HIT,,,,0.8,,,,2848,signal,single,2848,1,,,,,,,,,,,,,0,0,0,
506,PARSED,2848,"Тп 3 🥳 

[trader #C]",,,U_TP_HIT,U_TP_HIT,U_TP_HIT,U_TP_HIT,,,,0.8,,,,2848,signal,single,2848,1,,,,,,,,,,,,,0,0,0,
464,PARSED,,"https://t.me/c/3171748254/2903
  
Не актуально 

[trader #C]",,,U_CANCEL_PENDING_ORDERS,U_CANCEL_PENDING_ORDERS,U_CANCEL_PENDING_ORDERS,U_CANCEL_PENDING_ORDERS,,,,0.8,,,,2903,signal,single,2903,1,,,,,,,,,,,,,0,0,0,
458,PARSED,2901,"Не актуально 

[trader #C]",,,U_CANCEL_PENDING_ORDERS,U_CANCEL_PENDING_ORDERS,U_CANCEL_PENDING_ORDERS,U_CANCEL_PENDING_ORDERS,,,,0.8,,,,2901,signal,single,2901,1,,,,,,,,,,,,,0,0,0,
457,PARSED,2925,"Не актуально, будем наблюдать 

[trader #C]",,,U_CANCEL_PENDING_ORDERS,U_CANCEL_PENDING_ORDERS,U_CANCEL_PENDING_ORDERS,U_CANCEL_PENDING_ORDERS,,,,0.8,,,,2925,signal,single,2925,1,,,,,,,,,,,,,0,0,0,
439,PARSED,2956,"Лимитка на 73400 на этот объем 
0,3% то что скинули

[trader #C]",,,,,,,,,,0.8,,,,2956,signal,single,2956,1,,,,,,,,,,,,,0,0,0,
434,PARSED,,"https://t.me/c/3171748254/2959

Сократил -0,3% по 72800

Средняя 73025

[trader #C]",,,U_CLOSE_PARTIAL,U_CLOSE_PARTIAL,U_CLOSE_PARTIAL,U_CLOSE_PARTIAL,,,,0.8,,,,2959,signal,single,2959,1,,,,,,,,,,,,,0,0,0,
433,PARSED,2965,"Новая лимитка на 73700 +0,3%

[trader #С]",,,,,,,,,,0.8,,,,2965,signal,single,2965,1,,,,,,,,,,,,,0,0,0,
430,PARSED,2970,"Не актуально 

[trader #C]",,,U_CANCEL_PENDING_ORDERS,U_CANCEL_PENDING_ORDERS,U_CANCEL_PENDING_ORDERS,U_CANCEL_PENDING_ORDERS,,,,0.8,,,,2970,signal,single,2970,1,,,,,,,,,,,,,0,0,0,
427,PARSED,2974,"Чуть не дошли в бу перевел 2118 у меня вход 

[trader #C]",,,U_MOVE_STOP_TO_BE,U_MOVE_STOP_TO_BE | U_MOVE_STOP,U_MOVE_STOP_TO_BE | U_MOVE_STOP,U_MOVE_STOP_TO_BE | U_MOVE_STOP,,,,0.8,,,,2974,signal,single,2974,1,,ENTRY,,,,,,,,,,,0,0,0,
424,PARSED,2974,"Тп 1🥳

[trader #C]",,,U_TP_HIT,U_TP_HIT,U_TP_HIT,U_TP_HIT,,,,0.8,,,,2974,signal,single,2974,1,,,,,,,,,,,,,0,0,0,
407,PARSED,,"https://t.me/c/3171748254/2945

Tp1 🥳 В бу перевел лимитки убрал

[trader #C]",,,U_TP_HIT,U_TP_HIT | U_MOVE_STOP_TO_BE | U_MOVE_STOP | U_REMOVE_PENDING_ENTRY,U_TP_HIT | U_MOVE_STOP_TO_BE | U_MOVE_STOP | U_REMOVE_PENDING_ENTRY,U_TP_HIT | U_MOVE_STOP_TO_BE | U_MOVE_STOP | U_REMOVE_PENDING_ENTRY,,,,0.8,,,,2945,signal,single,2945,1,,ENTRY,,,,,,,,,,,0,0,0,
397,PARSED,,"https://t.me/c/3171748254/2945

Тп 2 🥳

[trader #C]",,,U_TP_HIT,U_TP_HIT,U_TP_HIT,U_TP_HIT,,,,0.8,,,,2945,signal,single,2945,1,,,,,,,,,,,,,0,0,0,
396,PARSED,2974,"https://t.me/c/3171748254/2945

Тп 2🥳

[trader #C]",,,U_TP_HIT,U_TP_HIT,U_TP_HIT,U_TP_HIT,,,,0.8,,,,,signal_group,multiple,2974 | 2945,2,,,,,,,,,,,,,0,0,0,
380,PARSED,3023,"Закрыл в минус 67800,лимитку убрал слабая реакция ,на ночь не хочу оставилять.

[trader #C]",,,U_CLOSE_FULL,U_CLOSE_FULL | U_CANCEL_PENDING_ORDERS | U_REMOVE_PENDING_ENTRY,U_CLOSE_FULL | U_CANCEL_PENDING_ORDERS | U_REMOVE_PENDING_ENTRY,U_CLOSE_FULL | U_CANCEL_PENDING_ORDERS | U_REMOVE_PENDING_ENTRY,,,,0.8,,,,3023,signal,single,3023,1,,,,,,,,,,,,,0,0,0,
375,PARSED,2945,"Тп 3🥳

[trader #C]",,,U_TP_HIT,U_TP_HIT,U_TP_HIT,U_TP_HIT,,,,0.8,,,,2945,signal,single,2945,1,,,,,,,,,,,,,0,0,0,
366,PARSED,3049,"Стоп -0,3

[trader #C]",,,U_STOP_HIT,U_STOP_HIT,U_STOP_HIT,U_STOP_HIT,,,,0.8,,,,3049,signal,single,3049,1,,,,,,,,,,,,,0,0,0,
364,PARSED,3054,"Не актуально

[trader #C]",,,U_CANCEL_PENDING_ORDERS,U_CANCEL_PENDING_ORDERS,U_CANCEL_PENDING_ORDERS,U_CANCEL_PENDING_ORDERS,,,,0.8,,,,3054,signal,single,3054,1,,,,,,,,,,,,,0,0,0,
356,PARSED,3069,"Не актуально,ушли без меня , 180 пунктов не дошли 

[trader #C]",,,U_CANCEL_PENDING_ORDERS,U_CANCEL_PENDING_ORDERS,U_CANCEL_PENDING_ORDERS,U_CANCEL_PENDING_ORDERS,,,,0.8,,,,3069,signal,single,3069,1,,,,,,,,,,,,,0,0,0,
353,PARSED,2965,"Долил остаток позы по текущим 68850 таким же объёмом как в позе ,средняя 70950 стоп в бу  70900

[trader #C]",,,U_MOVE_STOP_TO_BE,U_MOVE_STOP_TO_BE | U_MOVE_STOP,U_MOVE_STOP_TO_BE | U_MOVE_STOP,U_MOVE_STOP_TO_BE | U_MOVE_STOP,,,,0.8,,,,2965,signal,single,2965,1,,ENTRY,,,,,,,,,,,0,0,0,
321,PARSED,,"[trader #С]

https://t.me/c/3171748254/3119

Не актуально",,,U_CANCEL_PENDING_ORDERS,U_CANCEL_PENDING_ORDERS,U_CANCEL_PENDING_ORDERS,U_CANCEL_PENDING_ORDERS,,,,0.8,,,,3119,signal,single,3119,1,,,,,,,,,,,,,0,0,0,
315,PARSED,3128,"Пока не актуально посмотрим как будет реакция на импульс.

[ trader #C]",,,U_CANCEL_PENDING_ORDERS,U_CANCEL_PENDING_ORDERS,U_CANCEL_PENDING_ORDERS,U_CANCEL_PENDING_ORDERS,,,,0.8,,,,3128,signal,single,3128,1,,,,,,,,,,,,,0,0,0,
314,PARSED,3130,"[trader #С]

Тп 1 🥳 в бу перевел,лимитку ниже убрал",,,U_TP_HIT,U_TP_HIT | U_MOVE_STOP_TO_BE | U_MOVE_STOP | U_REMOVE_PENDING_ENTRY,U_TP_HIT | U_MOVE_STOP_TO_BE | U_MOVE_STOP | U_REMOVE_PENDING_ENTRY,U_TP_HIT | U_MOVE_STOP_TO_BE | U_MOVE_STOP | U_REMOVE_PENDING_ENTRY,,,,0.8,,,,3130,signal,single,3130,1,,ENTRY,,,,,,,,,,,0,0,0,
304,PARSED,3143,"Изменения лишний 0, был",,,U_UPDATE_TAKE_PROFITS,U_UPDATE_TAKE_PROFITS,U_UPDATE_TAKE_PROFITS,U_UPDATE_TAKE_PROFITS,,,,0.8,,,,3143,signal,single,3143,1,,,,,,,,,,,,,0,0,0,
287,PARSED,3162,"https://t.me/c/3171748254/3162

Тп1 🥳 в бу перевел лимитку убрал 

[trader #C]",,,U_TP_HIT,U_TP_HIT | U_MOVE_STOP_TO_BE | U_MOVE_STOP | U_CANCEL_PENDING_ORDERS | U_REMOVE_PENDING_ENTRY,U_TP_HIT | U_MOVE_STOP_TO_BE | U_MOVE_STOP | U_CANCEL_PENDING_ORDERS | U_REMOVE_PENDING_ENTRY,U_TP_HIT | U_MOVE_STOP_TO_BE | U_MOVE_STOP | U_CANCEL_PENDING_ORDERS | U_REMOVE_PENDING_ENTRY,,,,0.8,,,,3162,signal,single,3162,1,,ENTRY,,,,,,,,,,,0,0,0,
282,PARSED,,"https://t.me/c/3171748254/3162

Тп 2🥳

[trader #C]",,,U_TP_HIT,U_TP_HIT,U_TP_HIT,U_TP_HIT,,,,0.8,,,,3162,signal,single,3162,1,,,,,,,,,,,,,0,0,0,
266,PARSED,3178,"https://t.me/c/3171748254/3192

Тп 1🥳

[trader C]",,,U_TP_HIT,U_TP_HIT,U_TP_HIT,U_TP_HIT,,,,0.8,,,,,signal_group,multiple,3178 | 3192,2,,,,,,,,,,,,,0,0,0,
255,PARSED,3178,"Изменения второй тп на 70000

[trader #C]",,,U_UPDATE_TAKE_PROFITS,U_UPDATE_TAKE_PROFITS,U_UPDATE_TAKE_PROFITS,U_UPDATE_TAKE_PROFITS,,,,0.8,,,,3178,signal,single,3178,1,,,,,,,,,,,,,0,0,0,
249,PARSED,3201,"Закрыл в бу 

[trader #C]",,,U_CLOSE_FULL,U_CLOSE_FULL,U_CLOSE_FULL,U_CLOSE_FULL,,,,0.8,,,,3201,signal,single,3201,1,,,,,,,,,,,,,0,0,0,
248,PARSED,3178,"В бу перевел 

[trader #C]",,,U_MOVE_STOP_TO_BE,U_MOVE_STOP_TO_BE | U_MOVE_STOP,U_MOVE_STOP_TO_BE | U_MOVE_STOP,U_MOVE_STOP_TO_BE | U_MOVE_STOP,,,,0.8,,,,3178,signal,single,3178,1,,ENTRY,,,,,,,,,,,0,0,0,
234,PARSED,3236,"В бу перевел верхние лимитки оставил

[ trader #C]",,,U_MOVE_STOP_TO_BE,U_MOVE_STOP_TO_BE | U_MOVE_STOP,U_MOVE_STOP_TO_BE | U_MOVE_STOP,U_MOVE_STOP_TO_BE | U_MOVE_STOP,,,,0.8,,,,3236,signal,single,3236,1,,ENTRY,,,,,,,,,,,0,0,0,
228,PARSED,3245,"Лимитки убрал наблюдаем 

[trader #C]",,,U_REMOVE_PENDING_ENTRY,U_REMOVE_PENDING_ENTRY,U_REMOVE_PENDING_ENTRY,U_REMOVE_PENDING_ENTRY,,,,0.8,,,,3245,signal,single,3245,1,,,,,,,,,,,,,0,0,0,
217,PARSED,3252,"Риски сократил лимитки на ночь убрал 

[trader #C]",,,U_REMOVE_PENDING_ENTRY,U_REMOVE_PENDING_ENTRY,U_REMOVE_PENDING_ENTRY,U_REMOVE_PENDING_ENTRY,,,,0.8,,,,3252,signal,single,3252,1,,,,,,,,,,,,,0,0,0,
202,PARSED,3275,"Не актуально, уверенно смотрится 

[trader #C]",,,U_CANCEL_PENDING_ORDERS,U_CANCEL_PENDING_ORDERS,U_CANCEL_PENDING_ORDERS,U_CANCEL_PENDING_ORDERS,,,,0.8,,,,3275,signal,single,3275,1,,,,,,,,,,,,,0,0,0,
193,PARSED,3274,"В бу перевел лимитку убрал

[trader #C]",,,U_MOVE_STOP_TO_BE,U_MOVE_STOP_TO_BE | U_MOVE_STOP | U_CANCEL_PENDING_ORDERS | U_REMOVE_PENDING_ENTRY,U_MOVE_STOP_TO_BE | U_MOVE_STOP | U_CANCEL_PENDING_ORDERS | U_REMOVE_PENDING_ENTRY,U_MOVE_STOP_TO_BE | U_MOVE_STOP | U_CANCEL_PENDING_ORDERS | U_REMOVE_PENDING_ENTRY,,,,0.8,,,,3274,signal,single,3274,1,,ENTRY,,,,,,,,,,,0,0,0,
185,PARSED,3274,"Тп 1 🥳

[trader #C]",,,U_TP_HIT,U_TP_HIT,U_TP_HIT,U_TP_HIT,,,,0.8,,,,3274,signal,single,3274,1,,,,,,,,,,,,,0,0,0,
182,PARSED,3274,"Тп 2 единственный ставим на 69000 на остаток позиции 

Изменения 

[trader #C]",,,U_UPDATE_TAKE_PROFITS,U_UPDATE_TAKE_PROFITS,U_UPDATE_TAKE_PROFITS,U_UPDATE_TAKE_PROFITS,,,,0.8,,,,3274,signal,single,3274,1,,,,,,,,,,,,,0,0,0,
180,PARSED,3305,"В бу перевел

[trader #C]",,,U_MOVE_STOP_TO_BE,U_MOVE_STOP_TO_BE | U_MOVE_STOP,U_MOVE_STOP_TO_BE | U_MOVE_STOP,U_MOVE_STOP_TO_BE | U_MOVE_STOP,,,,0.8,,,,3305,signal,single,3305,1,,ENTRY,,,,,,,,,,,0,0,0,
177,PARSED,3274,"Тп 2🥳

[trader #C]",,,U_TP_HIT,U_TP_HIT,U_TP_HIT,U_TP_HIT,,,,0.8,,,,3274,signal,single,3274,1,,,,,,,,,,,,,0,0,0,
167,PARSED,3274,"Долил такой же объем по 70650
Стоп в бу 72200 тп на этот объем 68900

[trader #C]",,,U_MOVE_STOP_TO_BE,U_MOVE_STOP_TO_BE | U_MOVE_STOP,U_MOVE_STOP_TO_BE | U_MOVE_STOP,U_MOVE_STOP_TO_BE | U_MOVE_STOP,,,,0.8,,,,3274,signal,single,3274,1,,ENTRY,,,,,,,,,,,0,0,0,
159,PARSED,3333,"В бу перевел 

[trader #C]",,,U_MOVE_STOP_TO_BE,U_MOVE_STOP_TO_BE | U_MOVE_STOP,U_MOVE_STOP_TO_BE | U_MOVE_STOP,U_MOVE_STOP_TO_BE | U_MOVE_STOP,,,,0.8,,,,3333,signal,single,3333,1,,ENTRY,,,,,,,,,,,0,0,0,
150,PARSED,3359,"Не актуально,если кто в позиции закройте в бу, я перевел в бу

[trader #C]",,,U_MOVE_STOP_TO_BE,U_MOVE_STOP_TO_BE | U_MOVE_STOP | U_CANCEL_PENDING_ORDERS,U_MOVE_STOP_TO_BE | U_MOVE_STOP | U_CANCEL_PENDING_ORDERS,U_MOVE_STOP_TO_BE | U_MOVE_STOP | U_CANCEL_PENDING_ORDERS,,,,0.8,,,,3359,signal,single,3359,1,,ENTRY,,,,,,,,,,,0,0,0,
147,PARSED,3365,"Не актуально, подождем утро с Трампом 

[trader #C]",,,U_CANCEL_PENDING_ORDERS,U_CANCEL_PENDING_ORDERS,U_CANCEL_PENDING_ORDERS,U_CANCEL_PENDING_ORDERS,,,,0.8,,,,3365,signal,single,3365,1,,,,,,,,,,,,,0,0,0,
146,PARSED,3274,"Тп 3🥳

[trader #C]",,,U_TP_HIT,U_TP_HIT,U_TP_HIT,U_TP_HIT,,,,0.8,,,,3274,signal,single,3274,1,,,,,,,,,,,,,0,0,0,
100,PARSED,3412,"Тп1 ,2🥳 в бу перевел 

[ trader #C ]",,,U_TP_HIT,U_TP_HIT | U_MOVE_STOP_TO_BE | U_MOVE_STOP,U_TP_HIT | U_MOVE_STOP_TO_BE | U_MOVE_STOP,U_TP_HIT | U_MOVE_STOP_TO_BE | U_MOVE_STOP,,,,0.8,,,,3412,signal,single,3412,1,,ENTRY,,,,,,,,,,,0,0,0,
97,PARSED,3412,"Тп 3🥳
Сэтап закрыт

[trader #C]",,,U_TP_HIT,U_TP_HIT | U_CLOSE_FULL,U_TP_HIT | U_CLOSE_FULL,U_TP_HIT | U_CLOSE_FULL,,,,0.8,,,,3412,signal,single,3412,1,,,,,,,,,,,,,0,0,0,
96,PARSED,3411,"Обновления 
Тп1 71450
 в бу перевел 69600

[trader #C]",,,U_TP_HIT,U_TP_HIT | U_MOVE_STOP_TO_BE | U_MOVE_STOP | U_UPDATE_TAKE_PROFITS,U_TP_HIT | U_MOVE_STOP_TO_BE | U_MOVE_STOP | U_UPDATE_TAKE_PROFITS,U_TP_HIT | U_MOVE_STOP_TO_BE | U_MOVE_STOP | U_UPDATE_TAKE_PROFITS,,,,0.8,,,,3411,signal,single,3411,1,,ENTRY,,,,,,,,,,,0,0,0,
92,PARSED,3418,"Тп 1 🥳

[trader #C]",,,U_TP_HIT,U_TP_HIT,U_TP_HIT,U_TP_HIT,,,,0.8,,,,3418,signal,single,3418,1,,,,,,,,,,,,,0,0,0,
87,PARSED,3384,"Остаток закрыт в бу

[trader #C]",,,U_EXIT_BE,U_EXIT_BE,U_EXIT_BE,U_EXIT_BE,,,,0.8,,,,3384,signal,single,3384,1,,,,,,,,,,,,,0,0,0,
79,PARSED,3433,"Не актуально 

[trader #C]",,,U_CANCEL_PENDING_ORDERS,U_CANCEL_PENDING_ORDERS,U_CANCEL_PENDING_ORDERS,U_CANCEL_PENDING_ORDERS,,,,0.8,,,,3433,signal,single,3433,1,,,,,,,,,,,,,0,0,0,
43,PARSED,3468,"Тп 1🥳

Btcusdt 

[trader #C]",,,U_TP_HIT,U_TP_HIT,U_TP_HIT,U_TP_HIT,BTCUSDT,,,0.8,,,,3468,signal,single,3468,1,,,,,,,,,,,,,0,0,0,
42,PARSED,3468,"В бу перевел

 BTCUSDT 66200

[trader #C]",,,U_MOVE_STOP_TO_BE,U_MOVE_STOP_TO_BE | U_MOVE_STOP,U_MOVE_STOP_TO_BE | U_MOVE_STOP,U_MOVE_STOP_TO_BE | U_MOVE_STOP,BTCUSDT,,,0.8,,,,3468,signal,single,3468,1,,ENTRY,,,,,,,,,,,0,0,0,
25,PARSED,3486,"Не актуально 2 пункта не дошли 

Btcusdt short 

[trader #C]",,,U_CANCEL_PENDING_ORDERS,U_CANCEL_PENDING_ORDERS,U_CANCEL_PENDING_ORDERS,U_CANCEL_PENDING_ORDERS,BTCUSDT,,,0.8,,,,3486,signal,single,3486,1,,,,,,,,,,,,,0,0,0,
20,PARSED,3490,"Тп 1🥳 BTCUSDT в бу перевел,лимитку убрал 

[trader #C]",,,U_TP_HIT,U_TP_HIT | U_MOVE_STOP_TO_BE | U_MOVE_STOP | U_CANCEL_PENDING_ORDERS | U_REMOVE_PENDING_ENTRY,U_TP_HIT | U_MOVE_STOP_TO_BE | U_MOVE_STOP | U_CANCEL_PENDING_ORDERS | U_REMOVE_PENDING_ENTRY,U_TP_HIT | U_MOVE_STOP_TO_BE | U_MOVE_STOP | U_CANCEL_PENDING_ORDERS | U_REMOVE_PENDING_ENTRY,BTCUSDT,,,0.8,,,,3490,signal,single,3490,1,,ENTRY,,,,,,,,,,,0,0,0,
8,PARSED,,"Btcusdt 

Лимитку на 65770 убрал

[trader #C]",trader_c_update_weak_target_only,trader_c_update_weak_target_only,U_REMOVE_PENDING_ENTRY,U_REMOVE_PENDING_ENTRY,U_REMOVE_PENDING_ENTRY,U_REMOVE_PENDING_ENTRY,BTCUSDT,,,0.6,,,,,signal,unknown,,0,,,,,,,,,,,,,0,0,0,
7,PARSED,,"Btcusdt long 
В бу перевел 
[trader #C]",trader_c_update_weak_target_only,trader_c_update_weak_target_only,U_MOVE_STOP_TO_BE,U_MOVE_STOP_TO_BE | U_MOVE_STOP,U_MOVE_STOP_TO_BE | U_MOVE_STOP,U_MOVE_STOP_TO_BE | U_MOVE_STOP,BTCUSDT,,,0.6,,,,,signal,unknown,,0,,ENTRY,,,,,,,,,,,0,0,0,
6,PARSED,,"Тп 1🥳 

BTCUSDT 

[trader #C]",trader_c_update_weak_target_only,trader_c_update_weak_target_only,U_TP_HIT,U_TP_HIT,U_TP_HIT,U_TP_HIT,BTCUSDT,,,0.6,,,,,signal,unknown,,0,,,,,,,,,,,,,0,0,0,
